1 0.1618184840425532 0.0800747198007472 0.02908909574468085 0.1402241594022416
1 0.2254820478723404 0.29053549190535494 0.04504654255319149 0.13374844333748442
1 0.04720744680851064 0.6564134495641345 0.017287234042553192 0.08941469489414695
1 0.07704454787234043 0.7800747198007472 0.028424202127659573 0.11207970112079702
1 0.30535239361702127 0.698505603985056 0.02360372340425532 0.06102117061021171
1 0.33485704787234044 0.5795765877957659 0.014461436170212765 0.033374844333748446
1 0.36461103723404253 0.7066002490660025 0.02709441489361702 0.13997509339975092
1 0.61328125 0.45031133250311334 0.01579122340425532 0.0547945205479452
1 0.6663896276595744 0.45579078455790784 0.017287234042553192 0.12353673723536737
1 0.7195811170212766 0.21183063511830635 0.013962765957446808 0.044582814445828144
1 0.804438164893617 0.12478206724782068 0.013131648936170214 0.13599003735990037
1 0.8202293882978723 0.3070983810709838 0.01180186170212766 0.057285180572851806
1 0.847905585106383 0.2704856787048568 0.01163563829787234 0.028891656288916562
1 0.8417553191489362 0.4499377334993773 0.010305851063829786 0.039103362391033625
1 0.8379321808510638 0.9438356164383561 0.045545212765957445 0.03760896637608967
1 0.8275432180851063 0.8880448318804484 0.016456117021276594 0.03312577833125779
1 0.2726894946808511 0.8902864259028642 0.012466755319148936 0.028144458281444584
1 0.44439827127659576 0.9506849315068493 0.01346409574468085 0.023910336239103363
1 0.5516123670212766 0.6742216687422167 0.008809840425531915 0.03536737235367372
1 0.5662400265957447 0.8188044831880449 0.01180186170212766 0.022166874221668742
1 0.37433510638297873 0.3916562889165629 0.006316489361702127 0.0186799501867995
1 0.2066156914893617 0.4145703611457036 0.008976063829787235 0.0186799501867995
1 0.6430352393617021 0.25616438356164384 0.018783244680851064 0.07995018679950187