1 0.41863364361702127 0.7525529265255293 0.06665558510638298 0.031133250311332503
1 0.31881648936170215 0.6846824408468244 0.06349734042553191 0.048318804483188045
1 0.14527925531914893 0.8745952677459526 0.0425531914893617 0.0186799501867995
1 0.08668550531914894 0.8428393524283935 0.053357712765957445 0.030386052303860524
1 0.12524933510638298 0.5997509339975093 0.02908909574468085 0.025404732254047324
1 0.18168218085106383 0.5682440846824408 0.015957446808510637 0.01569115815691158
1 0.12150930851063829 0.536612702366127 0.06648936170212766 0.029140722291407222
1 0.24301861702127658 0.2717310087173101 0.026263297872340427 0.016936488169364883
1 0.24044215425531915 0.2153175591531756 0.05867686170212766 0.0186799501867995
1 0.35613364361702127 0.1585305105853051 0.02144281914893617 0.015193026151930262
1 0.39735704787234044 0.06824408468244085 0.06466090425531915 0.014445828144458281
1 0.3109208776595745 0.051432129514321294 0.02742686170212766 0.012702366127023662
1 0.3282912234042553 0.021917808219178082 0.013962765957446808 0.012453300124533
1 0.24318484042553193 0.028518057285180573 0.018617021276595744 0.0112079701120797
1 0.008976063829787235 0.03262764632627646 0.01795212765957447 0.048816936488169364
1 0.03540558510638298 0.043586550435865505 0.015957446808510637 0.01793275217932752
1 0.0343251329787234 0.6343711083437111 0.01346409574468085 0.013449564134495641
1 0.005734707446808511 0.45168119551681196 0.011469414893617021 0.014694894146948941
1 0.13680186170212766 0.33748443337484435 0.01695478723404255 0.009464508094645082
1 0.06823470744680851 0.3219178082191781 0.010804521276595746 0.012702366127023662
1 0.27086103723404253 0.5262764632627647 0.009142287234042553 0.006973848069738481
1 0.2599734042553192 0.7048567870485679 0.008976063829787235 0.009962640099626401
1 0.3351063829787234 0.24009962640099627 0.0382313829787234 0.02042341220423412