1 0.7224900265957447 0.10348692403486924 0.02908909574468085 0.1402241594022416
1 0.6588264627659575 0.313947696139477 0.04504654255319149 0.13374844333748442
1 0.8371010638297872 0.6798256537982565 0.017287234042553192 0.08941469489414695
1 0.8072639627659575 0.8034869240348692 0.028424202127659573 0.11207970112079702
1 0.5789561170212766 0.7219178082191781 0.02360372340425532 0.06102117061021171
1 0.5494514627659575 0.6029887920298879 0.014461436170212765 0.033374844333748446
1 0.5196974734042553 0.7300124533001245 0.02709441489361702 0.13997509339975092
1 0.27102726063829785 0.4737235367372354 0.01579122340425532 0.0547945205479452
1 0.21791888297872342 0.4792029887920299 0.017287234042553192 0.12353673723536737
1 0.16472739361702127 0.2352428393524284 0.013962765957446808 0.044582814445828144
1 0.07987034574468085 0.14819427148194272 0.013131648936170214 0.13599003735990037
1 0.06407912234042554 0.33051058530510585 0.01180186170212766 0.057285180572851806
1 0.0364029255319149 0.29389788293897884 0.01163563829787234 0.028891656288916562
1 0.0425531914893617 0.47334993773349937 0.010305851063829786 0.039103362391033625
1 0.04637632978723404 0.9672478206724782 0.045545212765957445 0.03760896637608967
1 0.05676529255319149 0.9114570361145704 0.016456117021276594 0.03312577833125779
1 0.6116190159574468 0.9136986301369863 0.012466755319148936 0.028144458281444584
1 0.43991023936170215 0.9740971357409713 0.01346409574468085 0.023910336239103363
1 0.33269614361702127 0.6976338729763387 0.008809840425531915 0.03536737235367372
1 0.31806848404255317 0.8422166874221668 0.01180186170212766 0.022166874221668742
1 0.5099734042553191 0.41506849315068495 0.006316489361702127 0.0186799501867995
1 0.6776928191489362 0.43798256537982566 0.008976063829787235 0.0186799501867995
1 0.24127327127659576 0.2795765877957659 0.018783244680851064 0.07995018679950187