1 0.4535405585106383 0.25529265255292655 0.07230718085106383 0.033872976338729766
1 0.3453291223404255 0.3287671232876712 0.06898271276595745 0.052303860523038606
1 0.15724734042553193 0.12291407222914072 0.046210106382978726 0.02017434620174346
1 0.09375 0.15740971357409714 0.05784574468085106 0.03287671232876712
1 0.1356382978723404 0.42092154420921546 0.03158244680851064 0.0273972602739726
1 0.19680851063829788 0.45491905354919054 0.017287234042553192 0.017185554171855542
1 0.13148271276595744 0.48929016189290164 0.07214095744680851 0.03163138231631382
1 0.26321476063829785 0.776214196762142 0.028424202127659573 0.0186799501867995
1 0.26038896276595747 0.8374844333748444 0.06366356382978723 0.02017434620174346
1 0.38580452127659576 0.898879202988792 0.022938829787234043 0.01643835616438356
1 0.4305186170212766 0.9967621419676215 0.07014627659574468 0.015442092154420922
1 0.3367686170212766 1.015068493150685 0.029587765957446808 0.0136986301369863
1 0.3556349734042553 1.0469489414694895 0.015126329787234043 0.0136986301369863
1 0.2634640957446808 1.039975093399751 0.020279255319148936 0.012204234122042341
1 0.00964095744680851 1.0353673723536738 0.01928191489361702 0.052801992528019925
1 0.0382313829787234 1.0235367372353674 0.017287234042553192 0.019178082191780823
1 0.03706781914893617 0.38318804483188046 0.014627659574468085 0.014694894146948941
1 0.006150265957446809 0.5813200498132005 0.012300531914893617 0.01594022415940224
1 0.14810505319148937 0.7051058530510586 0.018284574468085107 0.01046077210460772
1 0.07380319148936171 0.7219178082191781 0.01163563829787234 0.0136986301369863
1 0.2933843085106383 0.5004981320049813 0.00964095744680851 0.007721046077210461
1 0.28158244680851063 0.3069738480697385 0.00964095744680851 0.010709838107098382
1 0.363031914893617 0.8104607721046078 0.041223404255319146 0.021917808219178082