1 0.05310837765957447 0.22017434620174345 0.0703125 0.03287671232876712
1 0.15841090425531915 0.29165628891656287 0.06715425531914894 0.05080946450809465
1 0.3415890957446808 0.0912826899128269 0.04488031914893617 0.019676214196762142
1 0.40342420212765956 0.124906600249066 0.05618351063829787 0.03212951432129514
1 0.36261635638297873 0.3814445828144458 0.030751329787234043 0.026650062266500622
1 0.3031083776595745 0.4145703611457036 0.016788563829787235 0.016687422166874223
1 0.36668882978723405 0.44794520547945205 0.07014627659574468 0.030635118306351183
1 0.23836436170212766 0.7275217932752179 0.02759308510638298 0.01793275217932752
1 0.2411070478723404 0.787173100871731 0.06200132978723404 0.019676214196762142
1 0.11901595744680851 0.8468244084682441 0.022606382978723406 0.01594022415940224
1 0.07546542553191489 0.9422166874221669 0.06815159574468085 0.014943960149439602
1 0.1667220744680851 0.9600249066002491 0.02892287234042553 0.0136986301369863
1 0.1484375 0.9911581569115816 0.014627659574468085 0.013200498132004981
1 0.23819813829787234 0.984184308841843 0.01961436170212766 0.011706102117061022
1 0.48528922872340424 0.9799501867995019 0.018783244680851064 0.05155666251556663
1 0.45752992021276595 0.9682440846824408 0.016788563829787235 0.0186799501867995
1 0.4586103723404255 0.3447073474470735 0.014295212765957447 0.014445828144458281
1 0.4886968085106383 0.537733499377335 0.011968085106382979 0.015442092154420922
1 0.35048204787234044 0.6581569115815691 0.01778590425531915 0.01021170610211706
1 0.4228723404255319 0.6745952677459527 0.011303191489361703 0.0136986301369863
1 0.20902593085106383 0.4589041095890411 0.009474734042553192 0.007222914072229141
1 0.22049534574468085 0.2704856787048568 0.009474734042553192 0.01046077210460772
1 0.1412067819148936 0.7608966376089664 0.040059840425531915 0.021419676214196763