1 0.2854619565217391 0.07552931596091206 0.0671195652173913 0.11767100977198697
1 0.3751358695652174 0.25132328990228014 0.04646739130434783 0.07552931596091206
1 0.42269021739130436 0.3028298045602606 0.022010869565217393 0.04295602605863192
1 0.1921875 0.2416530944625407 0.06453804347826086 0.07654723127035831
1 0.22751358695652174 0.5630089576547231 0.19633152173913043 0.40004071661237783
1 0.05550271739130435 0.4072679153094462 0.02404891304347826 0.037662866449511403
1 0.41134510869565216 1.053847719869707 0.014538043478260869 0.018933224755700327
1 0.3299592391304348 0.9806596091205212 0.008016304347826088 0.010993485342019544
1 0.3233016304347826 0.8048656351791531 0.009918478260869565 0.01730456026058632
1 0.36766304347826084 0.5601587947882736 0.01358695652173913 0.018118892508143324
1 0.36616847826086957 0.4230456026058632 0.012771739130434783 0.018729641693811076
1 0.33498641304347826 0.5352198697068404 0.014538043478260869 0.04315960912052117
1 0.10074728260869566 0.27697475570032576 0.007472826086956522 0.016490228013029316
1 0.041304347826086954 0.2419584690553746 0.007880434782608695 0.007125407166123778