1 0.07703804347826088 0.35250407166123776 0.1078804347826087 0.1382328990228013
1 0.23865489130434783 0.1674470684039088 0.06915760869565217 0.09548045602605863
1 0.2859375 0.0693200325732899 0.03926630434782609 0.04499185667752443
1 0.2297554347826087 0.5449918566775245 0.07010869565217391 0.13314332247557004
1 0.5250679347826087 0.472007328990228 0.36752717391304346 0.40492671009771986
1 0.38199728260869564 0.8269543973941368 0.034375 0.0492671009771987
1 0.9762907608695652 0.09273208469055375 0.017255434782608697 0.02992671009771987
1 0.9090353260869565 0.2606881107491857 0.009918478260869565 0.016083061889250815
1 0.7474184782608696 0.27453175895765475 0.01576086956521739 0.02015472312703583
1 0.5224864130434783 0.18291938110749187 0.016440217391304347 0.02789087947882736
1 0.3964673913043478 0.18597312703583063 0.017119565217391303 0.025855048859934854
1 0.49959239130434785 0.25030537459283386 0.03940217391304348 0.02992671009771987
1 0.26222826086956524 0.7337133550488599 0.014945652173913044 0.01506514657980456
1 0.23002717391304348 0.8563721498371335 0.006521739130434782 0.016083061889250815