1 0.2002038043478261 0.09914495114006515 0.071875 0.125814332247557
1 0.10421195652173913 0.2872557003257329 0.049728260869565215 0.08061889250814332
1 0.05332880434782609 0.34232491856677527 0.023505434782608695 0.04580618892508143
1 0.2999320652173913 0.2768729641693811 0.06915760869565217 0.08184039087947882
1 0.2621603260869565 0.6207247557003257 0.21019021739130433 0.42793159609120524
1 0.44612771739130436 0.4541938110749186 0.025679347826086957 0.04030944625407166
1 0.06542119565217391 1.145969055374593 0.015625 0.02035830618892508
1 0.15258152173913042 1.0677931596091206 0.00842391304347826 0.011807817589576547
1 0.15978260869565217 0.8795806188925082 0.010597826086956521 0.018526058631921825
1 0.11222826086956522 0.6177728013029316 0.014673913043478261 0.01934039087947883
1 0.11385869565217391 0.47098941368078173 0.01358695652173913 0.02015472312703583
1 0.14721467391304346 0.5910016286644951 0.015625 0.046009771986970684
1 0.3978260869565217 0.31473941368078173 0.007880434782608695 0.01750814332247557
1 0.46141304347826084 0.2772801302931596 0.00842391304347826 0.007736156351791531