1 0.31881793478260867 1.083672638436482 0.07323369565217391 0.12825732899022801
1 0.41677989130434784 0.8917956026058632 0.050679347826086955 0.08245114006514657
1 0.4686820652173913 0.8355048859934854 0.02404891304347826 0.04682410423452769
1 0.2169836956521739 0.9022801302931596 0.07065217391304347 0.08346905537459283
1 0.25557065217391306 0.5515065146579805 0.21440217391304348 0.4368892508143323
1 0.06786684782608696 0.7214983713355049 0.026222826086956523 0.04112377850162866
1 0.4563179347826087 0.015574104234527687 0.01589673913043478 0.02056188925081433
1 0.3673913043478261 0.09537866449511401 0.008695652173913044 0.012011400651465798
1 0.36012228260869567 0.2873574918566775 0.010733695652173914 0.018933224755700327
1 0.40855978260869563 0.5546620521172638 0.014945652173913044 0.019747557003257327
1 0.406929347826087 0.7042956026058632 0.013858695652173913 0.02056188925081433
1 0.37289402173913044 0.5817385993485342 0.01589673913043478 0.04702768729641694
1 0.11711956521739131 0.8638029315960912 0.008152173913043478 0.017915309446254073
1 0.05224184782608696 0.9019747557003257 0.008559782608695651 0.007939739413680782