1 0.6391983695652174 0.3811074918566775 0.07595108695652174 0.09731270358306189
1 0.5256793478260869 0.5110952768729642 0.048641304347826084 0.06738599348534202
1 0.4923913043478261 0.5800081433224755 0.027717391304347826 0.03175895765472313
1 0.5318614130434782 0.24592833876221498 0.04932065217391304 0.09364820846905537
1 0.3245244565217391 0.2972312703583062 0.25828804347826084 0.28460912052117265
1 0.4249320652173913 0.04794381107491857 0.024320652173913042 0.03481270358306189
1 0.007608695652173913 0.5635179153094463 0.012228260869565218 0.021172638436482084
1 0.05482336956521739 0.44564332247557004 0.007201086956521739 0.011400651465798045
1 0.16834239130434783 0.435871335504886 0.011141304347826087 0.014250814332247556
1 0.3263586956521739 0.5002035830618893 0.011684782608695652 0.019951140065146578
1 0.41480978260869567 0.49806596091205213 0.012228260869565218 0.018526058631921825
1 0.3423913043478261 0.45297231270358307 0.027717391304347826 0.021172638436482084
1 0.5091032608695653 0.11329397394136807 0.010597826086956521 0.010789902280130293
1 0.5317255434782608 0.02728013029315961 0.004755434782608696 0.011400651465798045