1 0.24816666666666667 0.307375 0.024333333333333332 0.22625
1 0.26966666666666667 0.10275 0.018 0.0505
1 0.22383333333333333 0.0355 0.016 0.046
1 0.22358333333333333 0.6415 0.031166666666666665 0.3315
1 0.11666666666666667 0.829875 0.021333333333333333 0.19275
1 0.14741666666666667 0.771125 0.015833333333333335 0.05725
1 0.12966666666666668 0.994625 0.007 0.01525
1 0.14591666666666667 0.965 0.018833333333333334 0.052
1 0.3324166666666667 1.023875 0.0205 0.03375
1 0.4225833333333333 0.849875 0.0115 0.04025
1 0.0425 0.564875 0.013 0.04675
1 0.18508333333333332 0.742375 0.0085 0.01725
1 0.18641666666666667 0.60775 0.030833333333333334 0.041
1 0.093 0.049125 0.010666666666666666 0.01725