1 0.2781666666666667 0.7915 0.025333333333333333 0.2375
1 0.30075 1.00625 0.018833333333333334 0.053
1 0.2525833333333333 1.076625 0.016833333333333332 0.04825
1 0.25233333333333335 0.441 0.03266666666666666 0.3475
1 0.14016666666666666 0.243375 0.022333333333333334 0.20225
1 0.1725 0.305 0.016666666666666666 0.06
1 0.15383333333333332 0.070625 0.007333333333333333 0.01575
1 0.171 0.101625 0.019666666666666666 0.05425
1 0.3665 0.039875 0.021333333333333333 0.03525
1 0.46116666666666667 0.222375 0.012 0.04225
1 0.06241666666666667 0.521375 0.0135 0.04925
1 0.21208333333333335 0.33525 0.008833333333333334 0.018
1 0.21333333333333335 0.4765 0.03233333333333333 0.043
1 0.11541666666666667 1.0625 0.011166666666666667 0.018