1 0.2935833333333333 0.52725 0.2125 0.051
1 0.10133333333333333 0.57275 0.04733333333333333 0.0375
1 0.03816666666666667 0.47575 0.043 0.0335
1 0.6075833333333334 0.47525 0.31116666666666665 0.0655
1 0.7845833333333333 0.249125 0.18083333333333335 0.04475
1 0.7294166666666667 0.314375 0.0535 0.03325
1 0.9393333333333334 0.27675 0.014 0.0145
1 0.9115833333333333 0.31125 0.0485 0.0395
1 0.9668333333333333 0.705375 0.03133333333333333 0.04275
1 0.8034166666666667 0.896 0.0375 0.024
1 0.5355833333333333 0.0925 0.043833333333333335 0.027
1 0.7023333333333334 0.394 0.016 0.0175
1 0.5758333333333333 0.396625 0.03833333333333333 0.06475
1 0.050833333333333335 0.19925 0.016 0.022