1 0.29041666666666666 0.533 0.2125 0.051
1 0.09816666666666667 0.5785 0.04733333333333333 0.0375
1 0.035 0.4815 0.043 0.0335
1 0.6044166666666667 0.481 0.31116666666666665 0.0655
1 0.7814166666666666 0.254875 0.18083333333333335 0.04475
1 0.72625 0.320125 0.0535 0.03325
1 0.9361666666666667 0.2825 0.014 0.0145
1 0.9084166666666667 0.317 0.0485 0.0395
1 0.9636666666666667 0.711125 0.03133333333333333 0.04275
1 0.80025 0.90175 0.0375 0.024
1 0.5324166666666666 0.09825 0.043833333333333335 0.027
1 0.6991666666666667 0.39975 0.016 0.0175
1 0.5726666666666667 0.402375 0.03833333333333333 0.06475
1 0.04766666666666667 0.205 0.016 0.022